# F380 bridge cubes
# varmap: headline_hunt/bets/math_principles/data/20260429_F380_aux_force_sr60_n32_bit31_m17149975_fillffffffff.varmap.json
# Each non-comment line: cube_id followed by DIMACS assumption literals.
F378_D61_floor_guard_explosion::ones_w57_w63 12397 12398 12402 12406 12409 12410 12411 12417 12420 12422 12424 12425 12426 12429 12430 12433 12434 12435 12437 12438 12440 12442 12443 12447 12448 12453 12454 12455 12461 12462 12463 12464 12465 12466 12467 12469 12472 12474 12475 12476 12477 12478 12479 12483 12484 12487 12490 12492 12493 12494 12495 12498 12499 12500 12501 12506 12509 12514 12515 12516 12518 12522 12523 12526 12528 12533 12534 12535 12536 12537 12538 12539 12541 12542 12546 12548 12550 12552 12553 12556 12557 12558 12559 12560 12562 12564 12565 12567 12568 12570 12573 12575 12577 12578 12579 12580 12581 12582 12585 12587 12589 12591 12595 12598 12600 12602 12603 12604 12607 12608 12613 12614 12615 12616 12618 12619
F378_D61_floor_guard_explosion::w61 -12525 12526 -12527 12528 -12529 -12530 -12531 -12532 12533 12534 12535 12536 12537 12538 12539 -12540 12541 12542 -12543 -12544 -12545 12546 -12547 12548 -12549 12550 -12551 12552 12553 -12554 -12555 12556
F378_D61_floor_guard_explosion::w57_w60 12397 12398 -12399 -12400 -12401 12402 -12403 -12404 -12405 12406 -12407 -12408 12409 12410 12411 -12412 -12413 -12414 -12415 -12416 12417 -12418 -12419 12420 -12421 12422 -12423 12424 12425 12426 -12427 -12428 12429 12430 -12431 -12432 12433 12434 12435 -12436 12437 12438 -12439 12440 -12441 12442 12443 -12444 -12445 -12446 12447 12448 -12449 -12450 -12451 -12452 12453 12454 12455 -12456 -12457 -12458 -12459 -12460 12461 12462 12463 12464 12465 12466 12467 -12468 12469 -12470 -12471 12472 -12473 12474 12475 12476 12477 12478 12479 -12480 -12481 -12482 12483 12484 -12485 -12486 12487 -12488 -12489 12490 -12491 12492 12493 12494 12495 -12496 -12497 12498 12499 12500 12501 -12502 -12503 -12504 -12505 12506 -12507 -12508 12509 -12510 -12511 -12512 -12513 12514 12515 12516 -12517 12518 -12519 -12520 -12521 12522 12523 -12524
F375_D61_to_guard_bridge::ones_w57_w63 12397 12399 12400 12402 12405 12406 12408 12409 12411 12413 12414 12415 12416 12417 12419 12421 12422 12424 12425 12426 12429 12430 12433 12434 12435 12436 12437 12438 12441 12443 12446 12447 12449 12452 12453 12454 12455 12456 12457 12458 12461 12467 12468 12471 12472 12473 12475 12476 12477 12479 12488 12489 12491 12493 12494 12496 12497 12498 12499 12502 12505 12508 12510 12512 12515 12517 12518 12521 12523 12524 12525 12526 12527 12530 12532 12534 12537 12538 12539 12540 12541 12543 12546 12548 12549 12550 12552 12554 12557 12558 12560 12565 12566 12570 12571 12574 12575 12580 12581 12582 12583 12585 12587 12590 12594 12596 12597 12599 12602 12604 12605 12606 12607 12608 12610 12611 12614 12616 12618 12620
F375_D61_to_guard_bridge::w61 12525 12526 12527 -12528 -12529 12530 -12531 12532 -12533 12534 -12535 -12536 12537 12538 12539 12540 12541 -12542 12543 -12544 -12545 12546 -12547 12548 12549 12550 -12551 12552 -12553 12554 -12555 -12556
F375_D61_to_guard_bridge::w57_w60 12397 -12398 12399 12400 -12401 12402 -12403 -12404 12405 12406 -12407 12408 12409 -12410 12411 -12412 12413 12414 12415 12416 12417 -12418 12419 -12420 12421 12422 -12423 12424 12425 12426 -12427 -12428 12429 12430 -12431 -12432 12433 12434 12435 12436 12437 12438 -12439 -12440 12441 -12442 12443 -12444 -12445 12446 12447 -12448 12449 -12450 -12451 12452 12453 12454 12455 12456 12457 12458 -12459 -12460 12461 -12462 -12463 -12464 -12465 -12466 12467 12468 -12469 -12470 12471 12472 12473 -12474 12475 12476 12477 -12478 12479 -12480 -12481 -12482 -12483 -12484 -12485 -12486 -12487 12488 12489 -12490 12491 -12492 12493 12494 -12495 12496 12497 12498 12499 -12500 -12501 12502 -12503 -12504 12505 -12506 -12507 12508 -12509 12510 -12511 12512 -12513 -12514 12515 -12516 12517 12518 -12519 -12520 12521 -12522 12523 12524
F374_low_guard_corner::ones_w57_w63 12399 12400 12401 12402 12404 12405 12406 12408 12410 12412 12414 12416 12417 12418 12420 12422 12424 12426 12431 12433 12434 12436 12439 12441 12443 12447 12448 12452 12454 12455 12457 12458 12460 12466 12468 12469 12470 12471 12472 12475 12476 12477 12480 12482 12483 12484 12486 12489 12490 12493 12494 12496 12497 12505 12507 12509 12510 12512 12515 12518 12520 12522 12525 12527 12529 12532 12533 12534 12537 12544 12545 12547 12548 12549 12550 12553 12554 12556 12557 12558 12562 12567 12570 12571 12575 12576 12577 12578 12579 12580 12583 12584 12585 12589 12592 12593 12594 12595 12598 12605 12608 12609 12613 12615 12616
F374_low_guard_corner::w61 12525 -12526 12527 -12528 12529 -12530 -12531 12532 12533 12534 -12535 -12536 12537 -12538 -12539 -12540 -12541 -12542 -12543 12544 12545 -12546 12547 12548 12549 12550 -12551 -12552 12553 12554 -12555 12556
F374_low_guard_corner::w57_w60 -12397 -12398 12399 12400 12401 12402 -12403 12404 12405 12406 -12407 12408 -12409 12410 -12411 12412 -12413 12414 -12415 12416 12417 12418 -12419 12420 -12421 12422 -12423 12424 -12425 12426 -12427 -12428 -12429 -12430 12431 -12432 12433 12434 -12435 12436 -12437 -12438 12439 -12440 12441 -12442 12443 -12444 -12445 -12446 12447 12448 -12449 -12450 -12451 12452 -12453 12454 12455 -12456 12457 12458 -12459 12460 -12461 -12462 -12463 -12464 -12465 12466 -12467 12468 12469 12470 12471 12472 -12473 -12474 12475 12476 12477 -12478 -12479 12480 -12481 12482 12483 12484 -12485 12486 -12487 -12488 12489 12490 -12491 -12492 12493 12494 -12495 12496 12497 -12498 -12499 -12500 -12501 -12502 -12503 -12504 12505 -12506 12507 -12508 12509 12510 -12511 12512 -12513 -12514 12515 -12516 -12517 12518 -12519 12520 -12521 12522 -12523 -12524
